start=1445.945000
pause=yes
volume=97.000000
sid=2
