start=673.847000
pause=yes
volume=121.000000
