start=1443.525000
volume=97.000000
fullscreen=yes
sid=2
