start=1460.800000
volume=103.000000
sid=1
sub-scale=1.100000
