start=0.626000
volume=101.000000
