start=1458.881000
volume=113.000000
fullscreen=yes
