start=1446.967000
volume=105.000000
fullscreen=yes
sid=2
