start=1409.582000
volume=112.000000
fullscreen=yes
