start=1428.768000
pause=yes
volume=110.000000
