start=1454.377000
volume=113.000000
fullscreen=yes
