start=1451.096000
pause=yes
volume=101.000000
fullscreen=yes
sid=2
