start=1451.096000
pause=yes
volume=99.000000
fullscreen=yes
sid=2
