start=123.978000
volume=113.000000
fullscreen=yes
