start=1459.924000
volume=111.000000
fullscreen=yes
