start=1450.866000
volume=102.000000
fullscreen=yes
