start=1425.636000
volume=97.000000
sid=2
