start=195.862000
pause=yes
volume=120.000000
fullscreen=yes
sid=2
