start=1.231000
volume=99.000000
