start=644.269000
volume=112.000000
fullscreen=yes
sid=2
