start=1450.011000
volume=114.000000
fullscreen=yes
sid=2
