start=1456.712000
volume=111.000000
fullscreen=yes
