start=1458.631000
pause=yes
volume=104.000000
fullscreen=yes
sid=1
sub-delay=-0.000000
