start=710.675000
pause=yes
volume=116.000000
sid=1
