start=1446.070000
pause=yes
volume=97.000000
fullscreen=yes
sid=2
