start=113.155000
volume=104.000000
fullscreen=yes
