start=1454.328000
volume=102.000000
fullscreen=yes
