start=1421.066000
pause=yes
volume=114.000000
sid=2
