start=470.936000
volume=122.000000
fullscreen=yes
