start=1461.592000
volume=111.000000
fullscreen=yes
