start=1429.185000
volume=104.000000
fullscreen=yes
sid=1
sub-delay=-0.000000
